n=0,alpha=83.663525;n=1,alpha=80.758142;n=0,alpha=83.663525;n=1,alpha=80.758142;n=-1,alpha=83.663525;n=0,alpha=80.758142;n=-1,alpha=83.663525;n=0,alpha=80.758142;n=1,alpha=89.832967;n=2,alpha=91.953186;n=3,alpha=82.946070;m=0,alpha_k=-1.000000;m=0,alpha_k=-1.000000;m=0,alpha_k=28.290497;m=0,alpha_k=31.753235;m=0,alpha_k=63.081346;m=0,alpha_k=94.634118;m=0,alpha_k=84.419446;m=0,alpha_k=28.290497;m=0,alpha_k=28.290497;m=0,alpha_k=28.290497;m=1,alpha_k=28.290497;m=2,alpha_k=28.290497;m=3,alpha_k=28.290497;m=4,alpha_k=28.290497;
6.869295 6.750830 6.979921 7.007321 6.715619 5.899795 6.236939 5.899795 6.236939 6.172208 6.516027 6.172208 6.516027 7.821480 8.146541 7.821480 8.146540 8.687472 8.948002 8.687472 8.948060 8.460877 8.743540 8.460877 8.743506 
6.869295 6.750830 6.979921 7.007321 6.715619 5.899795 6.236939 5.899795 6.236939 6.172208 6.516026 6.172208 6.516027 7.821480 8.146537 7.821480 8.146540 8.687472 8.947987 8.687472 8.947881 8.460877 8.743499 8.460877 8.743520 
0.127711 0.171064 0.089595 0.080522 0.184027 0.562959 0.393138 0.562959 0.393138 0.424571 0.266187 0.424571 0.266187 -0.105500 -0.140032 -0.105500 -0.140032 -0.159094 -0.156135 -0.159094 -0.156135 -0.156008 -0.158976 -0.156008 -0.158976 
0.127711 0.171064 0.089595 0.080522 0.184027 0.562959 0.393138 0.562959 0.393138 0.424571 0.266187 0.424571 0.266187 -0.105500 -0.140032 -0.105500 -0.140032 -0.159094 -0.156135 -0.159094 -0.156135 -0.156008 -0.158976 -0.156008 -0.158976 
0.022374 0.056851 -0.007384 -0.014382 0.067218 0.393195 0.242791 0.393195 0.242791 0.270161 0.134785 0.270161 0.134785 -0.145090 -0.163507 -0.145090 -0.163506 -0.165820 -0.158933 -0.165820 -0.158928 -0.168232 -0.164662 -0.168232 -0.164659 
0.022374 0.056851 -0.007384 -0.014382 0.067218 0.393195 0.242791 0.393195 0.242791 0.270161 0.134785 0.270161 0.134785 -0.145090 -0.163503 -0.145090 -0.163504 -0.165820 -0.158899 -0.165820 -0.158905 -0.168232 -0.164645 -0.168232 -0.164648 
-0.053663 -0.026835 -0.076352 -0.081616 -0.018718 0.257105 0.126092 0.257105 0.126092 0.149526 0.035794 0.149526 0.035794 -0.169570 -0.176998 -0.169570 -0.176998 -0.169105 -0.160126 -0.169105 -0.160128 -0.174676 -0.167364 -0.174676 -0.167366 
-0.053663 -0.026835 -0.076352 -0.081616 -0.018718 0.257105 0.126092 0.257105 0.126092 0.149526 0.035794 0.149526 0.035794 -0.169570 -0.177000 -0.169570 -0.176999 -0.169105 -0.160142 -0.169105 -0.160139 -0.174676 -0.167373 -0.174676 -0.167371 
-0.109149 -0.088815 -0.125937 -0.129768 -0.082618 0.146883 0.034561 0.146883 0.034561 0.054291 -0.039573 0.054291 -0.039573 -0.184884 -0.184849 -0.184884 -0.184849 -0.170730 -0.160674 -0.170730 -0.160674 -0.178116 -0.168683 -0.178116 -0.168683 
-0.109149 -0.088815 -0.125937 -0.129768 -0.082618 0.146883 0.034561 0.146883 0.034561 0.054291 -0.039573 0.054291 -0.039573 -0.184884 -0.184849 -0.184884 -0.184849 -0.170730 -0.160674 -0.170730 -0.160674 -0.178116 -0.168683 -0.178116 -0.168683 
-0.149477 -0.134535 -0.161445 -0.164117 -0.129941 0.057984 -0.036934 0.057984 -0.036934 -0.020582 -0.096722 -0.020582 -0.096722 -0.194429 -0.189400 -0.194429 -0.189400 -0.171532 -0.160913 -0.171532 -0.160913 -0.179946 -0.169318 -0.179946 -0.169318 
-0.149477 -0.134535 -0.161445 -0.164117 -0.129941 0.057984 -0.036934 0.057984 -0.036934 -0.020582 -0.096722 -0.020582 -0.096722 -0.194429 -0.189400 -0.194429 -0.189400 -0.171532 -0.160913 -0.171532 -0.160913 -0.179946 -0.169318 -0.179946 -0.169318 
-0.178832 -0.168307 -0.186910 -0.188657 -0.165033 -0.013787 -0.092842 -0.013787 -0.092842 -0.079511 -0.140111 -0.079511 -0.140111 -0.200391 -0.192045 -0.200391 -0.192045 -0.171928 -0.161018 -0.171928 -0.161019 -0.180922 -0.169626 -0.180922 -0.169626 
-0.178832 -0.168307 -0.186910 -0.188657 -0.165033 -0.013787 -0.092842 -0.013787 -0.092842 -0.079511 -0.140111 -0.079511 -0.140111 -0.200391 -0.192045 -0.200391 -0.192045 -0.171928 -0.161020 -0.171928 -0.161020 -0.180922 -0.169626 -0.180922 -0.169626 
-0.200230 -0.193288 -0.205201 -0.206215 -0.191089 -0.071785 -0.136609 -0.071785 -0.136609 -0.125940 -0.173093 -0.125940 -0.173093 -0.204123 -0.193586 -0.204123 -0.193586 -0.172125 -0.161066 -0.172125 -0.161066 -0.181444 -0.169775 -0.181444 -0.169775 
-0.200230 -0.193288 -0.205201 -0.206215 -0.191089 -0.071785 -0.136609 -0.071785 -0.136609 -0.125940 -0.173093 -0.125940 -0.173093 -0.204123 -0.193586 -0.204123 -0.193586 -0.172125 -0.161067 -0.172125 -0.161067 -0.181444 -0.169776 -0.181444 -0.169776 
-0.215852 -0.211792 -0.218358 -0.218796 -0.210461 -0.118698 -0.170909 -0.118698 -0.170909 -0.162562 -0.198197 -0.162562 -0.198197 -0.206465 -0.194487 -0.206465 -0.194486 -0.172223 -0.161088 -0.172223 -0.161088 -0.181725 -0.169849 -0.181725 -0.169849 
-0.215852 -0.211792 -0.218358 -0.218796 -0.210461 -0.118698 -0.170909 -0.118698 -0.170909 -0.162562 -0.198197 -0.162562 -0.198197 -0.206465 -0.194486 -0.206465 -0.194486 -0.172223 -0.161087 -0.172223 -0.161087 -0.181725 -0.169848 -0.181725 -0.169848 
-0.227318 -0.225573 -0.227874 -0.227861 -0.224942 -0.156845 -0.197934 -0.156845 -0.197934 -0.191600 -0.217407 -0.191600 -0.217407 -0.207942 -0.195015 -0.207942 -0.195015 -0.172272 -0.161097 -0.172272 -0.161097 -0.181876 -0.169884 -0.181876 -0.169884 
-0.227318 -0.225573 -0.227874 -0.227861 -0.224942 -0.156845 -0.197934 -0.156845 -0.197934 -0.191600 -0.217407 -0.191600 -0.217407 -0.207942 -0.195015 -0.207942 -0.195015 -0.172272 -0.161097 -0.172272 -0.161097 -0.181876 -0.169884 -0.181876 -0.169884 
-0.235668 -0.235753 -0.234702 -0.234341 -0.235678 -0.187599 -0.219048 -0.187599 -0.219048 -0.214433 -0.231985 -0.214433 -0.231985 -0.208868 -0.195324 -0.208868 -0.195324 -0.172297 -0.161101 -0.172297 -0.161101 -0.181957 -0.169902 -0.181957 -0.169902 
-0.235668 -0.235753 -0.234702 -0.234341 -0.235678 -0.187599 -0.219048 -0.187599 -0.219048 -0.214433 -0.231985 -0.214433 -0.231985 -0.208868 -0.195324 -0.208868 -0.195324 -0.172297 -0.161101 -0.172297 -0.161101 -0.181957 -0.169902 -0.181957 -0.169902 
4.866218 4.858779 4.868624 4.868517 4.855868 4.667608 4.769917 4.667608 4.769917 4.752751 4.828990 4.752751 4.828990 4.705608 4.536902 4.705608 4.536900 4.069824 3.730746 4.069824 3.730821 4.298643 4.004433 4.298643 4.004439 
4.866218 4.858779 4.868624 4.868517 4.855868 4.667608 4.769917 4.667608 4.769917 4.752751 4.828990 4.752751 4.828990 4.705608 4.536901 4.705608 4.536899 4.069824 3.730752 4.069824 3.730843 4.298643 4.004414 4.298643 4.004444 
-0.241815 -0.243356 -0.239656 -0.239023 -0.243725 -0.212656 -0.235721 -0.212656 -0.235721 -0.232577 -0.243169 -0.232577 -0.243169 -0.209454 -0.195506 -0.209454 -0.195506 -0.172309 -0.161103 -0.172309 -0.161103 -0.182002 -0.169910 -0.182002 -0.169910 
-0.241815 -0.243356 -0.239656 -0.239023 -0.243725 -0.212656 -0.235721 -0.212656 -0.235721 -0.232577 -0.243169 -0.232577 -0.243169 -0.209454 -0.195506 -0.209454 -0.195506 -0.172309 -0.161103 -0.172309 -0.161103 -0.182002 -0.169910 -0.182002 -0.169910 
-0.246322 -0.249011 -0.243236 -0.242394 -0.249731 -0.232982 -0.248831 -0.232982 -0.248831 -0.246935 -0.251713 -0.246935 -0.251713 -0.209825 -0.195614 -0.209825 -0.195614 -0.172315 -0.161104 -0.172315 -0.161104 -0.182025 -0.169915 -0.182025 -0.169915 
-0.246322 -0.249011 -0.243236 -0.242394 -0.249731 -0.232982 -0.248831 -0.232982 -0.248831 -0.246935 -0.251713 -0.246935 -0.251713 -0.209825 -0.195614 -0.209825 -0.195614 -0.172315 -0.161104 -0.172315 -0.161104 -0.182025 -0.169915 -0.182025 -0.169915 
-0.249645 -0.253240 -0.245837 -0.244834 -0.254238 -0.249560 -0.259195 -0.249560 -0.259195 -0.258358 -0.258276 -0.258358 -0.258276 -0.210060 -0.195677 -0.210060 -0.195677 -0.172319 -0.161105 -0.172319 -0.161105 -0.182038 -0.169917 -0.182038 -0.169917 
-0.249645 -0.253240 -0.245837 -0.244834 -0.254238 -0.249560 -0.259195 -0.249560 -0.259195 -0.258358 -0.258276 -0.258358 -0.258276 -0.210060 -0.195677 -0.210060 -0.195677 -0.172319 -0.161105 -0.172319 -0.161105 -0.182038 -0.169917 -0.182038 -0.169917 
-0.252075 -0.256377 -0.247711 -0.246585 -0.257592 -0.262962 -0.267319 -0.262962 -0.267319 -0.267368 -0.263275 -0.267368 -0.263275 -0.210208 -0.195715 -0.210208 -0.195715 -0.172320 -0.161105 -0.172320 -0.161105 -0.182045 -0.169918 -0.182045 -0.169918 
-0.252075 -0.256377 -0.247711 -0.246585 -0.257592 -0.262962 -0.267319 -0.262962 -0.267319 -0.267368 -0.263275 -0.267368 -0.263275 -0.210208 -0.195715 -0.210208 -0.195715 -0.172320 -0.161105 -0.172320 -0.161105 -0.182045 -0.169918 -0.182045 -0.169918 
-0.253872 -0.258730 -0.249077 -0.247857 -0.260117 -0.273914 -0.273755 -0.273914 -0.273755 -0.274552 -0.267125 -0.274552 -0.267125 -0.210303 -0.195737 -0.210303 -0.195737 -0.172321 -0.161105 -0.172321 -0.161105 -0.182049 -0.169918 -0.182049 -0.169918 
-0.253872 -0.258730 -0.249077 -0.247857 -0.260117 -0.273914 -0.273755 -0.273914 -0.273755 -0.274552 -0.267125 -0.274552 -0.267125 -0.210303 -0.195737 -0.210303 -0.195737 -0.172321 -0.161105 -0.172321 -0.161105 -0.182049 -0.169918 -0.182049 -0.169918 
-0.255196 -0.260486 -0.250069 -0.248776 -0.262008 -0.282824 -0.278834 -0.282824 -0.278834 -0.280256 -0.270077 -0.280256 -0.270077 -0.210363 -0.195750 -0.210363 -0.195750 -0.172321 -0.161105 -0.172321 -0.161105 -0.182051 -0.169919 -0.182051 -0.169919 
-0.255196 -0.260486 -0.250069 -0.248776 -0.262008 -0.282824 -0.278834 -0.282824 -0.278834 -0.280256 -0.270077 -0.280256 -0.270077 -0.210363 -0.195750 -0.210363 -0.195750 -0.172321 -0.161105 -0.172321 -0.161105 -0.182051 -0.169919 -0.182051 -0.169919 
-0.256176 -0.261806 -0.250792 -0.249444 -0.263433 -0.290113 -0.282862 -0.290113 -0.282862 -0.284808 -0.272353 -0.284808 -0.272353 -0.210401 -0.195758 -0.210401 -0.195758 -0.172322 -0.161105 -0.172322 -0.161105 -0.182053 -0.169919 -0.182053 -0.169919 
-0.256176 -0.261806 -0.250792 -0.249444 -0.263433 -0.290113 -0.282862 -0.290113 -0.282862 -0.284808 -0.272353 -0.284808 -0.272353 -0.210401 -0.195758 -0.210401 -0.195758 -0.172322 -0.161105 -0.172322 -0.161105 -0.182053 -0.169919 -0.182053 -0.169919 
-0.256896 -0.262789 -0.251316 -0.249926 -0.264498 -0.296022 -0.286030 -0.296022 -0.286030 -0.288411 -0.274094 -0.288411 -0.274094 -0.210426 -0.195762 -0.210426 -0.195762 -0.172322 -0.161105 -0.172322 -0.161105 -0.182053 -0.169919 -0.182053 -0.169919 
-0.256896 -0.262789 -0.251316 -0.249926 -0.264498 -0.296022 -0.286030 -0.296022 -0.286030 -0.288411 -0.274094 -0.288411 -0.274094 -0.210426 -0.195762 -0.210426 -0.195762 -0.172322 -0.161105 -0.172322 -0.161105 -0.182053 -0.169919 -0.182053 -0.169919 
-0.257431 -0.263529 -0.251700 -0.250278 -0.265302 -0.300865 -0.288548 -0.300865 -0.288548 -0.291292 -0.275439 -0.291292 -0.275439 -0.210441 -0.195765 -0.210441 -0.195765 -0.172322 -0.161105 -0.172322 -0.161105 -0.182054 -0.169919 -0.182054 -0.169919 
-0.257431 -0.263529 -0.251700 -0.250278 -0.265302 -0.300865 -0.288548 -0.300865 -0.288548 -0.291292 -0.275439 -0.291292 -0.275439 -0.210441 -0.195765 -0.210441 -0.195765 -0.172322 -0.161105 -0.172322 -0.161105 -0.182054 -0.169919 -0.182054 -0.169919 
-0.257826 -0.264084 -0.251979 -0.250533 -0.265907 -0.304816 -0.290541 -0.304816 -0.290541 -0.293588 -0.276474 -0.293588 -0.276474 -0.210451 -0.195767 -0.210451 -0.195767 -0.172322 -0.161105 -0.172322 -0.161105 -0.182054 -0.169919 -0.182054 -0.169919 
-0.257826 -0.264084 -0.251979 -0.250533 -0.265907 -0.304816 -0.290541 -0.304816 -0.290541 -0.293588 -0.276474 -0.293588 -0.276474 -0.210451 -0.195767 -0.210451 -0.195767 -0.172322 -0.161105 -0.172322 -0.161105 -0.182054 -0.169919 -0.182054 -0.169919 
3.436905 3.487392 3.384713 3.371018 3.501536 3.687305 3.641100 3.687305 3.641100 3.653186 3.570492 3.653186 3.570492 2.811650 2.502568 2.811650 2.502601 1.872192 1.505789 1.872192 1.508521 2.154447 1.796107 2.154447 1.796777 
3.436905 3.487392 3.384713 3.371018 3.501536 3.687305 3.641101 3.687305 3.641101 3.653186 3.570494 3.653186 3.570494 2.811650 2.502792 2.811650 2.502758 1.872192 1.522985 1.872192 1.520170 2.154447 1.800423 2.154447 1.799739 
-0.258121 -0.264502 -0.252184 -0.250720 -0.266365 -0.308058 -0.292128 -0.308058 -0.292128 -0.295426 -0.277276 -0.295426 -0.277276 -0.210458 -0.195768 -0.210458 -0.195768 -0.172322 -0.161105 -0.172322 -0.161105 -0.182054 -0.169919 -0.182054 -0.169919 
-0.258121 -0.264502 -0.252184 -0.250720 -0.266365 -0.308058 -0.292128 -0.308058 -0.292128 -0.295426 -0.277276 -0.295426 -0.277276 -0.210458 -0.195768 -0.210458 -0.195768 -0.172322 -0.161105 -0.172322 -0.161105 -0.182054 -0.169919 -0.182054 -0.169919 
-0.258338 -0.264815 -0.252333 -0.250855 -0.266708 -0.310694 -0.293380 -0.310694 -0.293380 -0.296885 -0.277890 -0.296885 -0.277890 -0.210462 -0.195769 -0.210462 -0.195769 -0.172322 -0.161105 -0.172322 -0.161105 -0.182054 -0.169919 -0.182054 -0.169919 
-0.258338 -0.264815 -0.252333 -0.250855 -0.266708 -0.310694 -0.293380 -0.310694 -0.293380 -0.296885 -0.277890 -0.296885 -0.277890 -0.210462 -0.195769 -0.210462 -0.195769 -0.172322 -0.161105 -0.172322 -0.161105 -0.182054 -0.169919 -0.182054 -0.169919 
-0.258500 -0.265053 -0.252444 -0.250954 -0.266970 -0.312870 -0.294383 -0.312870 -0.294383 -0.298061 -0.278370 -0.298061 -0.278370 -0.210465 -0.195769 -0.210465 -0.195769 -0.172322 -0.161105 -0.172322 -0.161105 -0.182054 -0.169919 -0.182054 -0.169919 
-0.258500 -0.265053 -0.252444 -0.250954 -0.266970 -0.312870 -0.294383 -0.312870 -0.294383 -0.298061 -0.278370 -0.298061 -0.278370 -0.210465 -0.195769 -0.210465 -0.195769 -0.172322 -0.161105 -0.172322 -0.161105 -0.182054 -0.169919 -0.182054 -0.169919 
-0.258620 -0.265231 -0.252524 -0.251026 -0.267166 -0.314641 -0.295175 -0.314641 -0.295175 -0.298996 -0.278738 -0.298996 -0.278738 -0.210466 -0.195769 -0.210466 -0.195769 -0.172322 -0.161105 -0.172322 -0.161105 -0.182054 -0.169919 -0.182054 -0.169919 
-0.258620 -0.265231 -0.252524 -0.251026 -0.267166 -0.314641 -0.295175 -0.314641 -0.295175 -0.298996 -0.278738 -0.298996 -0.278738 -0.210466 -0.195769 -0.210466 -0.195769 -0.172322 -0.161105 -0.172322 -0.161105 -0.182054 -0.169919 -0.182054 -0.169919 
-0.258710 -0.265366 -0.252583 -0.251079 -0.267315 -0.316099 -0.295808 -0.316099 -0.295808 -0.299747 -0.279024 -0.299747 -0.279024 -0.210467 -0.195769 -0.210467 -0.195769 -0.172322 -0.161105 -0.172322 -0.161105 -0.182054 -0.169919 -0.182054 -0.169919 
-0.258710 -0.265366 -0.252583 -0.251079 -0.267315 -0.316099 -0.295808 -0.316099 -0.295808 -0.299747 -0.279024 -0.299747 -0.279024 -0.210467 -0.195769 -0.210467 -0.195769 -0.172322 -0.161105 -0.172322 -0.161105 -0.182054 -0.169919 -0.182054 -0.169919 
-0.258777 -0.265467 -0.252626 -0.251118 -0.267428 -0.317292 -0.296311 -0.317292 -0.296311 -0.300348 -0.279245 -0.300348 -0.279245 -0.210468 -0.195769 -0.210468 -0.195769 -0.172322 -0.161105 -0.172322 -0.161105 -0.182054 -0.169919 -0.182054 -0.169919 
-0.258777 -0.265467 -0.252626 -0.251118 -0.267428 -0.317292 -0.296311 -0.317292 -0.296311 -0.300348 -0.279245 -0.300348 -0.279245 -0.210468 -0.195769 -0.210468 -0.195769 -0.172322 -0.161105 -0.172322 -0.161105 -0.182054 -0.169919 -0.182054 -0.169919 
-0.258827 -0.265544 -0.252658 -0.251146 -0.267513 -0.318271 -0.296711 -0.318271 -0.296711 -0.300829 -0.279417 -0.300829 -0.279417 -0.210469 -0.195769 -0.210469 -0.195769 -0.172322 -0.161105 -0.172322 -0.161105 -0.182054 -0.169919 -0.182054 -0.169919 
-0.258827 -0.265544 -0.252658 -0.251146 -0.267513 -0.318271 -0.296711 -0.318271 -0.296711 -0.300829 -0.279417 -0.300829 -0.279417 -0.210469 -0.195769 -0.210469 -0.195769 -0.172322 -0.161105 -0.172322 -0.161105 -0.182054 -0.169919 -0.182054 -0.169919 
-0.258864 -0.265603 -0.252681 -0.251167 -0.267578 -0.319078 -0.297032 -0.319078 -0.297032 -0.301217 -0.279550 -0.301217 -0.279550 -0.210469 -0.195769 -0.210469 -0.195769 -0.172322 -0.161105 -0.172322 -0.161105 -0.182054 -0.169919 -0.182054 -0.169919 
-0.258864 -0.265603 -0.252681 -0.251167 -0.267578 -0.319078 -0.297032 -0.319078 -0.297032 -0.301217 -0.279550 -0.301217 -0.279550 -0.210469 -0.195769 -0.210469 -0.195769 -0.172322 -0.161105 -0.172322 -0.161105 -0.182054 -0.169919 -0.182054 -0.169919 
-0.258892 -0.265647 -0.252699 -0.251182 -0.267628 -0.319740 -0.297287 -0.319740 -0.297287 -0.301527 -0.279654 -0.301527 -0.279654 -0.210469 -0.195769 -0.210469 -0.195769 -0.172322 -0.161105 -0.172322 -0.161105 -0.182054 -0.169919 -0.182054 -0.169919 
-0.258892 -0.265647 -0.252699 -0.251182 -0.267628 -0.319740 -0.297287 -0.319740 -0.297287 -0.301527 -0.279654 -0.301527 -0.279654 -0.210469 -0.195769 -0.210469 -0.195769 -0.172322 -0.161105 -0.172322 -0.161105 -0.182054 -0.169919 -0.182054 -0.169919 
-0.258913 -0.265680 -0.252711 -0.251193 -0.267665 -0.320284 -0.297491 -0.320284 -0.297491 -0.301777 -0.279734 -0.301777 -0.279734 -0.210469 -0.195769 -0.210469 -0.195769 -0.172322 -0.161105 -0.172322 -0.161105 -0.182054 -0.169919 -0.182054 -0.169919 
-0.258913 -0.265680 -0.252711 -0.251193 -0.267665 -0.320284 -0.297491 -0.320284 -0.297491 -0.301777 -0.279734 -0.301777 -0.279734 -0.210469 -0.195769 -0.210469 -0.195769 -0.172322 -0.161105 -0.172322 -0.161105 -0.182054 -0.169919 -0.182054 -0.169919 
2.406249 2.483004 2.330717 2.311437 2.505042 2.899594 2.763699 2.899594 2.763699 2.792791 2.622000 2.792791 2.622000 1.647355 1.342819 1.647355 1.342818 0.813038 0.560150 0.813038 0.560174 1.036337 0.758072 1.036337 0.758062 
2.406249 2.483004 2.330717 2.311437 2.505042 2.899594 2.763699 2.899594 2.763699 2.792791 2.622000 2.792791 2.622000 1.647355 1.342820 1.647355 1.342819 0.813038 0.560212 0.813038 0.560157 1.036337 0.758065 1.036337 0.758065 
-0.258928 -0.265705 -0.252721 -0.251202 -0.267694 -0.320733 -0.297654 -0.320733 -0.297654 -0.301978 -0.279797 -0.301978 -0.279797 -0.210469 -0.195769 -0.210469 -0.195769 -0.172322 -0.161105 -0.172322 -0.161105 -0.182054 -0.169919 -0.182054 -0.169919 
-0.258928 -0.265705 -0.252721 -0.251202 -0.267694 -0.320733 -0.297654 -0.320733 -0.297654 -0.301978 -0.279797 -0.301978 -0.279797 -0.210469 -0.195769 -0.210469 -0.195769 -0.172322 -0.161105 -0.172322 -0.161105 -0.182054 -0.169919 -0.182054 -0.169919 
-0.258940 -0.265725 -0.252728 -0.251208 -0.267715 -0.321103 -0.297785 -0.321103 -0.297785 -0.302139 -0.279845 -0.302139 -0.279845 -0.210469 -0.195769 -0.210469 -0.195769 -0.172322 -0.161105 -0.172322 -0.161105 -0.182054 -0.169919 -0.182054 -0.169919 
-0.258940 -0.265725 -0.252728 -0.251208 -0.267715 -0.321103 -0.297785 -0.321103 -0.297785 -0.302139 -0.279845 -0.302139 -0.279845 -0.210469 -0.195769 -0.210469 -0.195769 -0.172322 -0.161105 -0.172322 -0.161105 -0.182054 -0.169919 -0.182054 -0.169919 
-0.258949 -0.265739 -0.252733 -0.251212 -0.267732 -0.321408 -0.297889 -0.321408 -0.297889 -0.302270 -0.279884 -0.302270 -0.279884 -0.210469 -0.195769 -0.210469 -0.195769 -0.172322 -0.161105 -0.172322 -0.161105 -0.182054 -0.169919 -0.182054 -0.169919 
-0.258949 -0.265739 -0.252733 -0.251212 -0.267732 -0.321408 -0.297889 -0.321408 -0.297889 -0.302270 -0.279884 -0.302270 -0.279884 -0.210469 -0.195769 -0.210469 -0.195769 -0.172322 -0.161105 -0.172322 -0.161105 -0.182054 -0.169919 -0.182054 -0.169919 
-0.258955 -0.265751 -0.252737 -0.251215 -0.267745 -0.321660 -0.297973 -0.321660 -0.297973 -0.302375 -0.279913 -0.302375 -0.279913 -0.210469 -0.195769 -0.210469 -0.195769 -0.172322 -0.161105 -0.172322 -0.161105 -0.182054 -0.169919 -0.182054 -0.169919 
-0.258955 -0.265751 -0.252737 -0.251215 -0.267745 -0.321660 -0.297973 -0.321660 -0.297973 -0.302375 -0.279913 -0.302375 -0.279913 -0.210469 -0.195769 -0.210469 -0.195769 -0.172322 -0.161105 -0.172322 -0.161105 -0.182054 -0.169919 -0.182054 -0.169919 
-0.258960 -0.265759 -0.252740 -0.251218 -0.267754 -0.321867 -0.298040 -0.321867 -0.298040 -0.302460 -0.279936 -0.302460 -0.279936 -0.210469 -0.195769 -0.210469 -0.195769 -0.172322 -0.161105 -0.172322 -0.161105 -0.182054 -0.169919 -0.182054 -0.169919 
-0.258960 -0.265759 -0.252740 -0.251218 -0.267754 -0.321867 -0.298040 -0.321867 -0.298040 -0.302460 -0.279936 -0.302460 -0.279936 -0.210469 -0.195769 -0.210469 -0.195769 -0.172322 -0.161105 -0.172322 -0.161105 -0.182054 -0.169919 -0.182054 -0.169919 
-0.258964 -0.265765 -0.252742 -0.251220 -0.267762 -0.322038 -0.298094 -0.322038 -0.298094 -0.302528 -0.279954 -0.302528 -0.279954 -0.210469 -0.195769 -0.210469 -0.195769 -0.172322 -0.161105 -0.172322 -0.161105 -0.182054 -0.169919 -0.182054 -0.169919 
-0.258964 -0.265765 -0.252742 -0.251220 -0.267762 -0.322038 -0.298094 -0.322038 -0.298094 -0.302528 -0.279954 -0.302528 -0.279954 -0.210469 -0.195769 -0.210469 -0.195769 -0.172322 -0.161105 -0.172322 -0.161105 -0.182054 -0.169919 -0.182054 -0.169919 
-0.258967 -0.265770 -0.252743 -0.251221 -0.267767 -0.322180 -0.298137 -0.322180 -0.298137 -0.302583 -0.279969 -0.302583 -0.279969 -0.210469 -0.195769 -0.210469 -0.195769 -0.172322 -0.161105 -0.172322 -0.161105 -0.182054 -0.169919 -0.182054 -0.169919 
-0.258967 -0.265770 -0.252743 -0.251221 -0.267767 -0.322180 -0.298137 -0.322180 -0.298137 -0.302583 -0.279969 -0.302583 -0.279969 -0.210469 -0.195769 -0.210469 -0.195769 -0.172322 -0.161105 -0.172322 -0.161105 -0.182054 -0.169919 -0.182054 -0.169919 
-0.258969 -0.265774 -0.252744 -0.251222 -0.267772 -0.322297 -0.298172 -0.322297 -0.298172 -0.302628 -0.279980 -0.302628 -0.279980 -0.210469 -0.195769 -0.210469 -0.195769 -0.172322 -0.161105 -0.172322 -0.161105 -0.182054 -0.169919 -0.182054 -0.169919 
-0.258969 -0.265774 -0.252744 -0.251222 -0.267772 -0.322297 -0.298172 -0.322297 -0.298172 -0.302628 -0.279980 -0.302628 -0.279980 -0.210469 -0.195769 -0.210469 -0.195769 -0.172322 -0.161105 -0.172322 -0.161105 -0.182054 -0.169919 -0.182054 -0.169919 
-0.258971 -0.265777 -0.252745 -0.251223 -0.267775 -0.322394 -0.298200 -0.322394 -0.298200 -0.302664 -0.279988 -0.302664 -0.279988 -0.210469 -0.195769 -0.210469 -0.195769 -0.172322 -0.161105 -0.172322 -0.161105 -0.182054 -0.169919 -0.182054 -0.169919 
-0.258971 -0.265777 -0.252745 -0.251223 -0.267775 -0.322394 -0.298200 -0.322394 -0.298200 -0.302664 -0.279988 -0.302664 -0.279988 -0.210469 -0.195769 -0.210469 -0.195769 -0.172322 -0.161105 -0.172322 -0.161105 -0.182054 -0.169919 -0.182054 -0.169919 
-0.258972 -0.265779 -0.252746 -0.251223 -0.267777 -0.322474 -0.298223 -0.322474 -0.298223 -0.302693 -0.279995 -0.302693 -0.279995 -0.210469 -0.195769 -0.210469 -0.195769 -0.172322 -0.161105 -0.172322 -0.161105 -0.182054 -0.169919 -0.182054 -0.169919 
-0.258972 -0.265779 -0.252746 -0.251223 -0.267777 -0.322474 -0.298223 -0.322474 -0.298223 -0.302693 -0.279995 -0.302693 -0.279995 -0.210469 -0.195769 -0.210469 -0.195769 -0.172322 -0.161105 -0.172322 -0.161105 -0.182054 -0.169919 -0.182054 -0.169919 
1.665862 1.750214 1.584912 1.564555 1.774690 2.269173 2.084405 2.269173 2.084405 2.122205 1.909924 2.122205 1.909924 0.934109 0.683708 0.934109 0.683708 0.304133 0.150565 0.304133 0.150571 0.455145 0.269096 0.455145 0.269096 
1.665862 1.750214 1.584912 1.564555 1.774690 2.269173 2.084405 2.269173 2.084405 2.122205 1.909924 2.122205 1.909924 0.934109 0.683708 0.934109 0.683708 0.304133 0.150568 0.304133 0.150570 0.455145 0.269096 0.455145 0.269098 
-0.258973 -0.265781 -0.252746 -0.251224 -0.267779 -0.322540 -0.298241 -0.322540 -0.298241 -0.302717 -0.280001 -0.302717 -0.280001 -0.210469 -0.195769 -0.210469 -0.195769 -0.172322 -0.161105 -0.172322 -0.161105 -0.182054 -0.169919 -0.182054 -0.169919 
-0.258973 -0.265781 -0.252746 -0.251224 -0.267779 -0.322540 -0.298241 -0.322540 -0.298241 -0.302717 -0.280001 -0.302717 -0.280001 -0.210469 -0.195769 -0.210469 -0.195769 -0.172322 -0.161105 -0.172322 -0.161105 -0.182054 -0.169919 -0.182054 -0.169919 
-0.258973 -0.265782 -0.252747 -0.251224 -0.267781 -0.322596 -0.298255 -0.322596 -0.298255 -0.302736 -0.280005 -0.302736 -0.280005 -0.210469 -0.195769 -0.210469 -0.195769 -0.172322 -0.161105 -0.172322 -0.161105 -0.182054 -0.169919 -0.182054 -0.169919 
-0.258973 -0.265782 -0.252747 -0.251224 -0.267781 -0.322596 -0.298255 -0.322596 -0.298255 -0.302736 -0.280005 -0.302736 -0.280005 -0.210469 -0.195769 -0.210469 -0.195769 -0.172322 -0.161105 -0.172322 -0.161105 -0.182054 -0.169919 -0.182054 -0.169919 
-0.258974 -0.265783 -0.252747 -0.251224 -0.267782 -0.322641 -0.298267 -0.322641 -0.298267 -0.302752 -0.280008 -0.302752 -0.280008 -0.210469 -0.195769 -0.210469 -0.195769 -0.172322 -0.161105 -0.172322 -0.161105 -0.182054 -0.169919 -0.182054 -0.169919 
-0.258974 -0.265783 -0.252747 -0.251224 -0.267782 -0.322641 -0.298267 -0.322641 -0.298267 -0.302752 -0.280008 -0.302752 -0.280008 -0.210469 -0.195769 -0.210469 -0.195769 -0.172322 -0.161105 -0.172322 -0.161105 -0.182054 -0.169919 -0.182054 -0.169919 
-0.258974 -0.265784 -0.252747 -0.251224 -0.267783 -0.322679 -0.298277 -0.322679 -0.298277 -0.302764 -0.280011 -0.302764 -0.280011 -0.210469 -0.195769 -0.210469 -0.195769 -0.172322 -0.161105 -0.172322 -0.161105 -0.182054 -0.169919 -0.182054 -0.169919 
-0.258974 -0.265784 -0.252747 -0.251224 -0.267783 -0.322679 -0.298277 -0.322679 -0.298277 -0.302764 -0.280011 -0.302764 -0.280011 -0.210469 -0.195769 -0.210469 -0.195769 -0.172322 -0.161105 -0.172322 -0.161105 -0.182054 -0.169919 -0.182054 -0.169919 
-0.258975 -0.265785 -0.252747 -0.251225 -0.267784 -0.322711 -0.298284 -0.322711 -0.298284 -0.302774 -0.280013 -0.302774 -0.280013 -0.210469 -0.195769 -0.210469 -0.195769 -0.172322 -0.161105 -0.172322 -0.161105 -0.182054 -0.169919 -0.182054 -0.169919 
-0.258975 -0.265785 -0.252747 -0.251225 -0.267784 -0.322711 -0.298284 -0.322711 -0.298284 -0.302774 -0.280013 -0.302774 -0.280013 -0.210469 -0.195769 -0.210469 -0.195769 -0.172322 -0.161105 -0.172322 -0.161105 -0.182054 -0.169919 -0.182054 -0.169919 
-0.258975 -0.265785 -0.252748 -0.251225 -0.267784 -0.322737 -0.298291 -0.322737 -0.298291 -0.302783 -0.280014 -0.302783 -0.280014 -0.210469 -0.195769 -0.210469 -0.195769 -0.172322 -0.161105 -0.172322 -0.161105 -0.182054 -0.169919 -0.182054 -0.169919 
-0.258975 -0.265785 -0.252748 -0.251225 -0.267784 -0.322737 -0.298291 -0.322737 -0.298291 -0.302783 -0.280014 -0.302783 -0.280014 -0.210469 -0.195769 -0.210469 -0.195769 -0.172322 -0.161105 -0.172322 -0.161105 -0.182054 -0.169919 -0.182054 -0.169919 
-0.258975 -0.265785 -0.252748 -0.251225 -0.267784 -0.322759 -0.298296 -0.322759 -0.298296 -0.302789 -0.280016 -0.302789 -0.280016 -0.210469 -0.195769 -0.210469 -0.195769 -0.172322 -0.161105 -0.172322 -0.161105 -0.182054 -0.169919 -0.182054 -0.169919 
-0.258975 -0.265785 -0.252748 -0.251225 -0.267784 -0.322759 -0.298296 -0.322759 -0.298296 -0.302789 -0.280016 -0.302789 -0.280016 -0.210469 -0.195769 -0.210469 -0.195769 -0.172322 -0.161105 -0.172322 -0.161105 -0.182054 -0.169919 -0.182054 -0.169919 
-0.258975 -0.265786 -0.252748 -0.251225 -0.267785 -0.322777 -0.298300 -0.322777 -0.298300 -0.302795 -0.280017 -0.302795 -0.280017 -0.210469 -0.195769 -0.210469 -0.195769 -0.172322 -0.161105 -0.172322 -0.161105 -0.182054 -0.169919 -0.182054 -0.169919 
-0.258975 -0.265786 -0.252748 -0.251225 -0.267785 -0.322777 -0.298300 -0.322777 -0.298300 -0.302795 -0.280017 -0.302795 -0.280017 -0.210469 -0.195769 -0.210469 -0.195769 -0.172322 -0.161105 -0.172322 -0.161105 -0.182054 -0.169919 -0.182054 -0.169919 
-0.258975 -0.265786 -0.252748 -0.251225 -0.267785 -0.322792 -0.298303 -0.322792 -0.298303 -0.302799 -0.280017 -0.302799 -0.280017 -0.210469 -0.195769 -0.210469 -0.195769 -0.172322 -0.161105 -0.172322 -0.161105 -0.182054 -0.169919 -0.182054 -0.169919 
-0.258975 -0.265786 -0.252748 -0.251225 -0.267785 -0.322792 -0.298303 -0.322792 -0.298303 -0.302799 -0.280017 -0.302799 -0.280017 -0.210469 -0.195769 -0.210469 -0.195769 -0.172322 -0.161105 -0.172322 -0.161105 -0.182054 -0.169919 -0.182054 -0.169919 
-0.258975 -0.265786 -0.252748 -0.251225 -0.267785 -0.322804 -0.298306 -0.322804 -0.298306 -0.302803 -0.280018 -0.302803 -0.280018 -0.210469 -0.195769 -0.210469 -0.195769 -0.172322 -0.161105 -0.172322 -0.161105 -0.182054 -0.169919 -0.182054 -0.169919 
-0.258975 -0.265786 -0.252748 -0.251225 -0.267785 -0.322804 -0.298306 -0.322804 -0.298306 -0.302803 -0.280018 -0.302803 -0.280018 -0.210469 -0.195769 -0.210469 -0.195769 -0.172322 -0.161105 -0.172322 -0.161105 -0.182054 -0.169919 -0.182054 -0.169919 
1.133216 1.214842 1.056393 1.037302 1.238702 1.764145 1.557906 1.764145 1.557906 1.598987 1.374669 1.598987 1.374669 0.496229 0.308220 0.496229 0.308219 0.058815 -0.025911 0.058815 -0.025913 0.152166 0.038475 0.152166 0.038474 
1.133216 1.214842 1.056393 1.037302 1.238702 1.764145 1.557906 1.764145 1.557906 1.598987 1.374669 1.598987 1.374669 0.496229 0.308220 0.496229 0.308220 0.058815 -0.025909 0.058815 -0.025912 0.152166 0.038473 0.152166 0.038474 
-0.258975 -0.265786 -0.252748 -0.251225 -0.267785 -0.322815 -0.298308 -0.322815 -0.298308 -0.302806 -0.280018 -0.302806 -0.280018 -0.210469 -0.195769 -0.210469 -0.195769 -0.172322 -0.161105 -0.172322 -0.161105 -0.182054 -0.169919 -0.182054 -0.169919 
-0.258975 -0.265786 -0.252748 -0.251225 -0.267785 -0.322815 -0.298308 -0.322815 -0.298308 -0.302806 -0.280018 -0.302806 -0.280018 -0.210469 -0.195769 -0.210469 -0.195769 -0.172322 -0.161105 -0.172322 -0.161105 -0.182054 -0.169919 -0.182054 -0.169919 
-0.258976 -0.265786 -0.252748 -0.251225 -0.267785 -0.322823 -0.298309 -0.322823 -0.298309 -0.302809 -0.280019 -0.302809 -0.280019 -0.210469 -0.195769 -0.210469 -0.195769 -0.172322 -0.161105 -0.172322 -0.161105 -0.182054 -0.169919 -0.182054 -0.169919 
-0.258976 -0.265786 -0.252748 -0.251225 -0.267785 -0.322823 -0.298309 -0.322823 -0.298309 -0.302809 -0.280019 -0.302809 -0.280019 -0.210469 -0.195769 -0.210469 -0.195769 -0.172322 -0.161105 -0.172322 -0.161105 -0.182054 -0.169919 -0.182054 -0.169919 
-0.258976 -0.265786 -0.252748 -0.251225 -0.267786 -0.322831 -0.298311 -0.322831 -0.298311 -0.302811 -0.280019 -0.302811 -0.280019 -0.210469 -0.195769 -0.210469 -0.195769 -0.172322 -0.161105 -0.172322 -0.161105 -0.182054 -0.169919 -0.182054 -0.169919 
-0.258976 -0.265786 -0.252748 -0.251225 -0.267786 -0.322831 -0.298311 -0.322831 -0.298311 -0.302811 -0.280019 -0.302811 -0.280019 -0.210469 -0.195769 -0.210469 -0.195769 -0.172322 -0.161105 -0.172322 -0.161105 -0.182054 -0.169919 -0.182054 -0.169919 
-0.258976 -0.265786 -0.252748 -0.251225 -0.267786 -0.322837 -0.298312 -0.322837 -0.298312 -0.302812 -0.280019 -0.302812 -0.280019 -0.210469 -0.195769 -0.210469 -0.195769 -0.172322 -0.161105 -0.172322 -0.161105 -0.182054 -0.169919 -0.182054 -0.169919 
-0.258976 -0.265786 -0.252748 -0.251225 -0.267786 -0.322837 -0.298312 -0.322837 -0.298312 -0.302812 -0.280019 -0.302812 -0.280019 -0.210469 -0.195769 -0.210469 -0.195769 -0.172322 -0.161105 -0.172322 -0.161105 -0.182054 -0.169919 -0.182054 -0.169919 
-0.258976 -0.265786 -0.252748 -0.251225 -0.267786 -0.322842 -0.298313 -0.322842 -0.298313 -0.302813 -0.280020 -0.302813 -0.280020 -0.210469 -0.195769 -0.210469 -0.195769 -0.172322 -0.161105 -0.172322 -0.161105 -0.182054 -0.169919 -0.182054 -0.169919 
-0.258976 -0.265786 -0.252748 -0.251225 -0.267786 -0.322842 -0.298313 -0.322842 -0.298313 -0.302813 -0.280020 -0.302813 -0.280020 -0.210469 -0.195769 -0.210469 -0.195769 -0.172322 -0.161105 -0.172322 -0.161105 -0.182054 -0.169919 -0.182054 -0.169919 
-0.258976 -0.265786 -0.252748 -0.251225 -0.267786 -0.322846 -0.298314 -0.322846 -0.298314 -0.302815 -0.280020 -0.302815 -0.280020 -0.210469 -0.195769 -0.210469 -0.195769 -0.172322 -0.161105 -0.172322 -0.161105 -0.182054 -0.169919 -0.182054 -0.169919 
-0.258976 -0.265786 -0.252748 -0.251225 -0.267786 -0.322846 -0.298314 -0.322846 -0.298314 -0.302815 -0.280020 -0.302815 -0.280020 -0.210469 -0.195769 -0.210469 -0.195769 -0.172322 -0.161105 -0.172322 -0.161105 -0.182054 -0.169919 -0.182054 -0.169919 
-0.258976 -0.265787 -0.252748 -0.251225 -0.267786 -0.322849 -0.298314 -0.322849 -0.298314 -0.302815 -0.280020 -0.302815 -0.280020 -0.210469 -0.195769 -0.210469 -0.195769 -0.172322 -0.161105 -0.172322 -0.161105 -0.182054 -0.169919 -0.182054 -0.169919 
-0.258976 -0.265787 -0.252748 -0.251225 -0.267786 -0.322849 -0.298314 -0.322849 -0.298314 -0.302815 -0.280020 -0.302815 -0.280020 -0.210469 -0.195769 -0.210469 -0.195769 -0.172322 -0.161105 -0.172322 -0.161105 -0.182054 -0.169919 -0.182054 -0.169919 
-0.258976 -0.265787 -0.252748 -0.251225 -0.267786 -0.322852 -0.298315 -0.322852 -0.298315 -0.302816 -0.280020 -0.302816 -0.280020 -0.210469 -0.195769 -0.210469 -0.195769 -0.172322 -0.161105 -0.172322 -0.161105 -0.182054 -0.169919 -0.182054 -0.169919 
-0.258976 -0.265787 -0.252748 -0.251225 -0.267786 -0.322852 -0.298315 -0.322852 -0.298315 -0.302816 -0.280020 -0.302816 -0.280020 -0.210469 -0.195769 -0.210469 -0.195769 -0.172322 -0.161105 -0.172322 -0.161105 -0.182054 -0.169919 -0.182054 -0.169919 
-0.258976 -0.265787 -0.252748 -0.251225 -0.267786 -0.322855 -0.298315 -0.322855 -0.298315 -0.302817 -0.280020 -0.302817 -0.280020 -0.210469 -0.195769 -0.210469 -0.195769 -0.172322 -0.161105 -0.172322 -0.161105 -0.182054 -0.169919 -0.182054 -0.169919 
-0.258976 -0.265787 -0.252748 -0.251225 -0.267786 -0.322855 -0.298315 -0.322855 -0.298315 -0.302817 -0.280020 -0.302817 -0.280020 -0.210469 -0.195769 -0.210469 -0.195769 -0.172322 -0.161105 -0.172322 -0.161105 -0.182054 -0.169919 -0.182054 -0.169919 
-0.258976 -0.265787 -0.252748 -0.251225 -0.267786 -0.322857 -0.298316 -0.322857 -0.298316 -0.302817 -0.280020 -0.302817 -0.280020 -0.210469 -0.195769 -0.210469 -0.195769 -0.172322 -0.161105 -0.172322 -0.161105 -0.182054 -0.169919 -0.182054 -0.169919 
-0.258976 -0.265787 -0.252748 -0.251225 -0.267786 -0.322857 -0.298316 -0.322857 -0.298316 -0.302817 -0.280020 -0.302817 -0.280020 -0.210469 -0.195769 -0.210469 -0.195769 -0.172322 -0.161105 -0.172322 -0.161105 -0.182054 -0.169919 -0.182054 -0.169919 
0.749460 0.823164 0.681294 0.664537 0.844841 1.359177 1.149380 1.359177 1.149380 1.190307 0.971825 1.190307 0.971825 0.226821 0.093773 0.226821 0.093772 -0.059825 -0.102239 -0.059825 -0.102242 -0.006239 -0.070665 -0.006239 -0.070665 
0.749460 0.823164 0.681294 0.664537 0.844841 1.359177 1.149380 1.359177 1.149380 1.190307 0.971825 1.190307 0.971825 0.226821 0.093772 0.226821 0.093772 -0.059825 -0.102240 -0.059825 -0.102242 -0.006239 -0.070665 -0.006239 -0.070664 
-0.258976 -0.265787 -0.252748 -0.251225 -0.267786 -0.322859 -0.298316 -0.322859 -0.298316 -0.302818 -0.280020 -0.302818 -0.280020 -0.210469 -0.195769 -0.210469 -0.195769 -0.172322 -0.161105 -0.172322 -0.161105 -0.182054 -0.169919 -0.182054 -0.169919 
-0.258976 -0.265787 -0.252748 -0.251225 -0.267786 -0.322859 -0.298316 -0.322859 -0.298316 -0.302818 -0.280020 -0.302818 -0.280020 -0.210469 -0.195769 -0.210469 -0.195769 -0.172322 -0.161105 -0.172322 -0.161105 -0.182054 -0.169919 -0.182054 -0.169919 
-0.258976 -0.265787 -0.252748 -0.251225 -0.267786 -0.322860 -0.298316 -0.322860 -0.298316 -0.302818 -0.280020 -0.302818 -0.280020 -0.210469 -0.195769 -0.210469 -0.195769 -0.172322 -0.161105 -0.172322 -0.161105 -0.182054 -0.169919 -0.182054 -0.169919 
-0.258976 -0.265787 -0.252748 -0.251225 -0.267786 -0.322860 -0.298316 -0.322860 -0.298316 -0.302818 -0.280020 -0.302818 -0.280020 -0.210469 -0.195769 -0.210469 -0.195769 -0.172322 -0.161105 -0.172322 -0.161105 -0.182054 -0.169919 -0.182054 -0.169919 
-0.258976 -0.265787 -0.252748 -0.251225 -0.267786 -0.322861 -0.298316 -0.322861 -0.298316 -0.302818 -0.280020 -0.302818 -0.280020 -0.210469 -0.195769 -0.210469 -0.195769 -0.172322 -0.161105 -0.172322 -0.161105 -0.182054 -0.169919 -0.182054 -0.169919 
-0.258976 -0.265787 -0.252748 -0.251225 -0.267786 -0.322861 -0.298316 -0.322861 -0.298316 -0.302818 -0.280020 -0.302818 -0.280020 -0.210469 -0.195769 -0.210469 -0.195769 -0.172322 -0.161105 -0.172322 -0.161105 -0.182054 -0.169919 -0.182054 -0.169919 
-0.258976 -0.265787 -0.252748 -0.251225 -0.267786 -0.322862 -0.298316 -0.322862 -0.298316 -0.302818 -0.280020 -0.302818 -0.280020 -0.210469 -0.195769 -0.210469 -0.195769 -0.172322 -0.161105 -0.172322 -0.161105 -0.182054 -0.169919 -0.182054 -0.169919 
-0.258976 -0.265787 -0.252748 -0.251225 -0.267786 -0.322862 -0.298316 -0.322862 -0.298316 -0.302818 -0.280020 -0.302818 -0.280020 -0.210469 -0.195769 -0.210469 -0.195769 -0.172322 -0.161105 -0.172322 -0.161105 -0.182054 -0.169919 -0.182054 -0.169919 
-0.258976 -0.265787 -0.252748 -0.251225 -0.267786 -0.322863 -0.298316 -0.322863 -0.298316 -0.302819 -0.280020 -0.302819 -0.280020 -0.210469 -0.195769 -0.210469 -0.195769 -0.172322 -0.161105 -0.172322 -0.161105 -0.182054 -0.169919 -0.182054 -0.169919 
-0.258976 -0.265787 -0.252748 -0.251225 -0.267786 -0.322863 -0.298316 -0.322863 -0.298316 -0.302819 -0.280020 -0.302819 -0.280020 -0.210469 -0.195769 -0.210469 -0.195769 -0.172322 -0.161105 -0.172322 -0.161105 -0.182054 -0.169919 -0.182054 -0.169919 
-0.258976 -0.265787 -0.252748 -0.251225 -0.267786 -0.322864 -0.298317 -0.322864 -0.298317 -0.302819 -0.280020 -0.302819 -0.280020 -0.210469 -0.195769 -0.210469 -0.195769 -0.172322 -0.161105 -0.172322 -0.161105 -0.182054 -0.169919 -0.182054 -0.169919 
-0.258976 -0.265787 -0.252748 -0.251225 -0.267786 -0.322864 -0.298317 -0.322864 -0.298317 -0.302819 -0.280020 -0.302819 -0.280020 -0.210469 -0.195769 -0.210469 -0.195769 -0.172322 -0.161105 -0.172322 -0.161105 -0.182054 -0.169919 -0.182054 -0.169919 
-0.258976 -0.265787 -0.252748 -0.251225 -0.267786 -0.322865 -0.298317 -0.322865 -0.298317 -0.302819 -0.280020 -0.302819 -0.280020 -0.210469 -0.195769 -0.210469 -0.195769 -0.172322 -0.161105 -0.172322 -0.161105 -0.182054 -0.169919 -0.182054 -0.169919 
-0.258976 -0.265787 -0.252748 -0.251225 -0.267786 -0.322865 -0.298317 -0.322865 -0.298317 -0.302819 -0.280020 -0.302819 -0.280020 -0.210469 -0.195769 -0.210469 -0.195769 -0.172322 -0.161105 -0.172322 -0.161105 -0.182054 -0.169919 -0.182054 -0.169919 
-0.258976 -0.265787 -0.252748 -0.251225 -0.267786 -0.322865 -0.298317 -0.322865 -0.298317 -0.302819 -0.280020 -0.302819 -0.280020 -0.210469 -0.195769 -0.210469 -0.195769 -0.172322 -0.161105 -0.172322 -0.161105 -0.182054 -0.169919 -0.182054 -0.169919 
-0.258976 -0.265787 -0.252748 -0.251225 -0.267786 -0.322865 -0.298317 -0.322865 -0.298317 -0.302819 -0.280020 -0.302819 -0.280020 -0.210469 -0.195769 -0.210469 -0.195769 -0.172322 -0.161105 -0.172322 -0.161105 -0.182054 -0.169919 -0.182054 -0.169919 
-0.258976 -0.265787 -0.252748 -0.251225 -0.267786 -0.322866 -0.298317 -0.322866 -0.298317 -0.302819 -0.280020 -0.302819 -0.280020 -0.210469 -0.195769 -0.210469 -0.195769 -0.172322 -0.161105 -0.172322 -0.161105 -0.182054 -0.169919 -0.182054 -0.169919 
-0.258976 -0.265787 -0.252748 -0.251225 -0.267786 -0.322866 -0.298317 -0.322866 -0.298317 -0.302819 -0.280020 -0.302819 -0.280020 -0.210469 -0.195769 -0.210469 -0.195769 -0.172322 -0.161105 -0.172322 -0.161105 -0.182054 -0.169919 -0.182054 -0.169919 
-0.258976 -0.265787 -0.252748 -0.251225 -0.267786 -0.322866 -0.298317 -0.322866 -0.298317 -0.302819 -0.280020 -0.302819 -0.280020 -0.210469 -0.195769 -0.210469 -0.195769 -0.172322 -0.161105 -0.172322 -0.161105 -0.182054 -0.169919 -0.182054 -0.169919 
-0.258976 -0.265787 -0.252748 -0.251225 -0.267786 -0.322866 -0.298317 -0.322866 -0.298317 -0.302819 -0.280020 -0.302819 -0.280020 -0.210469 -0.195769 -0.210469 -0.195769 -0.172322 -0.161105 -0.172322 -0.161105 -0.182054 -0.169919 -0.182054 -0.169919 
0.472570 0.536217 0.414682 0.400600 0.555043 1.034129 0.832041 1.034129 0.832041 0.870745 0.668258 0.870745 0.668258 0.060708 -0.028999 0.060708 -0.029002 -0.117389 -0.135208 -0.117389 -0.135262 -0.089296 -0.122420 -0.089296 -0.122441 
0.472570 0.536217 0.414682 0.400600 0.555043 1.034129 0.832040 1.034129 0.832040 0.870745 0.668257 0.870745 0.668257 0.060708 -0.029016 0.060708 -0.029014 -0.117389 -0.135550 -0.117389 -0.135496 -0.089296 -0.122551 -0.089296 -0.122531 
-0.258976 -0.265787 -0.252748 -0.251225 -0.267786 -0.322866 -0.298317 -0.322866 -0.298317 -0.302819 -0.280020 -0.302819 -0.280020 -0.210469 -0.195769 -0.210469 -0.195769 -0.172322 -0.161105 -0.172322 -0.161105 -0.182054 -0.169919 -0.182054 -0.169919 
-0.258976 -0.265787 -0.252748 -0.251225 -0.267786 -0.322866 -0.298317 -0.322866 -0.298317 -0.302819 -0.280020 -0.302819 -0.280020 -0.210469 -0.195769 -0.210469 -0.195769 -0.172322 -0.161105 -0.172322 -0.161105 -0.182054 -0.169919 -0.182054 -0.169919 
-0.258976 -0.265787 -0.252748 -0.251225 -0.267786 -0.322866 -0.298317 -0.322866 -0.298317 -0.302819 -0.280020 -0.302819 -0.280020 -0.210469 -0.195769 -0.210469 -0.195769 -0.172322 -0.161105 -0.172322 -0.161105 -0.182054 -0.169919 -0.182054 -0.169919 
-0.258976 -0.265787 -0.252748 -0.251225 -0.267786 -0.322866 -0.298317 -0.322866 -0.298317 -0.302819 -0.280020 -0.302819 -0.280020 -0.210469 -0.195769 -0.210469 -0.195769 -0.172322 -0.161105 -0.172322 -0.161105 -0.182054 -0.169919 -0.182054 -0.169919 
-0.258976 -0.265787 -0.252748 -0.251225 -0.267786 -0.322867 -0.298317 -0.322867 -0.298317 -0.302819 -0.280020 -0.302819 -0.280020 -0.210469 -0.195769 -0.210469 -0.195769 -0.172322 -0.161105 -0.172322 -0.161105 -0.182054 -0.169919 -0.182054 -0.169919 
-0.258976 -0.265787 -0.252748 -0.251225 -0.267786 -0.322867 -0.298317 -0.322867 -0.298317 -0.302819 -0.280020 -0.302819 -0.280020 -0.210469 -0.195769 -0.210469 -0.195769 -0.172322 -0.161105 -0.172322 -0.161105 -0.182054 -0.169919 -0.182054 -0.169919 
-0.258976 -0.265787 -0.252748 -0.251225 -0.267786 -0.322867 -0.298317 -0.322867 -0.298317 -0.302819 -0.280020 -0.302819 -0.280020 -0.210469 -0.195769 -0.210469 -0.195769 -0.172322 -0.161105 -0.172322 -0.161105 -0.182054 -0.169919 -0.182054 -0.169919 
-0.258976 -0.265787 -0.252748 -0.251225 -0.267786 -0.322867 -0.298317 -0.322867 -0.298317 -0.302819 -0.280020 -0.302819 -0.280020 -0.210469 -0.195769 -0.210469 -0.195769 -0.172322 -0.161105 -0.172322 -0.161105 -0.182054 -0.169919 -0.182054 -0.169919 
-0.258976 -0.265787 -0.252748 -0.251225 -0.267786 -0.322867 -0.298317 -0.322867 -0.298317 -0.302819 -0.280020 -0.302819 -0.280020 -0.210469 -0.195769 -0.210469 -0.195769 -0.172322 -0.161105 -0.172322 -0.161105 -0.182054 -0.169919 -0.182054 -0.169919 
-0.258976 -0.265787 -0.252748 -0.251225 -0.267786 -0.322867 -0.298317 -0.322867 -0.298317 -0.302819 -0.280020 -0.302819 -0.280020 -0.210469 -0.195769 -0.210469 -0.195769 -0.172322 -0.161105 -0.172322 -0.161105 -0.182054 -0.169919 -0.182054 -0.169919 
-0.258976 -0.265787 -0.252748 -0.251225 -0.267786 -0.322867 -0.298317 -0.322867 -0.298317 -0.302819 -0.280020 -0.302819 -0.280020 -0.210469 -0.195769 -0.210469 -0.195769 -0.172322 -0.161105 -0.172322 -0.161105 -0.182054 -0.169919 -0.182054 -0.169919 
-0.258976 -0.265787 -0.252748 -0.251225 -0.267786 -0.322867 -0.298317 -0.322867 -0.298317 -0.302819 -0.280020 -0.302819 -0.280020 -0.210469 -0.195769 -0.210469 -0.195769 -0.172322 -0.161105 -0.172322 -0.161105 -0.182054 -0.169919 -0.182054 -0.169919 
-0.258976 -0.265787 -0.252748 -0.251225 -0.267786 -0.322867 -0.298317 -0.322867 -0.298317 -0.302819 -0.280020 -0.302819 -0.280020 -0.210469 -0.195769 -0.210469 -0.195769 -0.172322 -0.161105 -0.172322 -0.161105 -0.182054 -0.169919 -0.182054 -0.169919 
-0.258976 -0.265787 -0.252748 -0.251225 -0.267786 -0.322867 -0.298317 -0.322867 -0.298317 -0.302819 -0.280020 -0.302819 -0.280020 -0.210469 -0.195769 -0.210469 -0.195769 -0.172322 -0.161105 -0.172322 -0.161105 -0.182054 -0.169919 -0.182054 -0.169919 
-0.258976 -0.265787 -0.252748 -0.251225 -0.267786 -0.322867 -0.298317 -0.322867 -0.298317 -0.302819 -0.280020 -0.302819 -0.280020 -0.210469 -0.195769 -0.210469 -0.195769 -0.172322 -0.161105 -0.172322 -0.161105 -0.182054 -0.169919 -0.182054 -0.169919 
-0.258976 -0.265787 -0.252748 -0.251225 -0.267786 -0.322867 -0.298317 -0.322867 -0.298317 -0.302819 -0.280020 -0.302819 -0.280020 -0.210469 -0.195769 -0.210469 -0.195769 -0.172322 -0.161105 -0.172322 -0.161105 -0.182054 -0.169919 -0.182054 -0.169919 
-0.258976 -0.265787 -0.252748 -0.251225 -0.267786 -0.322867 -0.298317 -0.322867 -0.298317 -0.302819 -0.280020 -0.302819 -0.280020 -0.210469 -0.195769 -0.210469 -0.195769 -0.172322 -0.161105 -0.172322 -0.161105 -0.182054 -0.169919 -0.182054 -0.169919 
-0.258976 -0.265787 -0.252748 -0.251225 -0.267786 -0.322867 -0.298317 -0.322867 -0.298317 -0.302819 -0.280020 -0.302819 -0.280020 -0.210469 -0.195769 -0.210469 -0.195769 -0.172322 -0.161105 -0.172322 -0.161105 -0.182054 -0.169919 -0.182054 -0.169919 
-0.258976 -0.265787 -0.252748 -0.251225 -0.267786 -0.322867 -0.298317 -0.322867 -0.298317 -0.302819 -0.280020 -0.302819 -0.280020 -0.210469 -0.195769 -0.210469 -0.195769 -0.172322 -0.161105 -0.172322 -0.161105 -0.182054 -0.169919 -0.182054 -0.169919 
-0.258976 -0.265787 -0.252748 -0.251225 -0.267786 -0.322867 -0.298317 -0.322867 -0.298317 -0.302819 -0.280020 -0.302819 -0.280020 -0.210469 -0.195769 -0.210469 -0.195769 -0.172322 -0.161105 -0.172322 -0.161105 -0.182054 -0.169919 -0.182054 -0.169919 
0.272494 0.325709 0.224895 0.213439 0.341534 0.772978 0.585261 0.772978 0.585261 0.620596 0.439215 0.620596 0.439215 -0.041936 -0.099481 -0.041936 -0.099481 -0.145410 -0.149818 -0.145410 -0.149819 -0.132973 -0.147174 -0.132973 -0.147174 
0.272494 0.325709 0.224895 0.213439 0.341534 0.772978 0.585261 0.772978 0.585261 0.620596 0.439215 0.620596 0.439215 -0.041936 -0.099481 -0.041936 -0.099481 -0.145410 -0.149819 -0.145410 -0.149819 -0.132973 -0.147174 -0.132973 -0.147174 
-0.258976 -0.265787 -0.252748 -0.251225 -0.267786 -0.322867 -0.298317 -0.322867 -0.298317 -0.302819 -0.280020 -0.302819 -0.280020 -0.210469 -0.195769 -0.210469 -0.195769 -0.172322 -0.161105 -0.172322 -0.161105 -0.182054 -0.169919 -0.182054 -0.169919 
-0.258976 -0.265787 -0.252748 -0.251225 -0.267786 -0.322867 -0.298317 -0.322867 -0.298317 -0.302819 -0.280020 -0.302819 -0.280020 -0.210469 -0.195769 -0.210469 -0.195769 -0.172322 -0.161105 -0.172322 -0.161105 -0.182054 -0.169919 -0.182054 -0.169919 
-0.258976 -0.265787 -0.252748 -0.251225 -0.267786 -0.322868 -0.298317 -0.322868 -0.298317 -0.302819 -0.280020 -0.302819 -0.280020 -0.210469 -0.195769 -0.210469 -0.195769 -0.172322 -0.161105 -0.172322 -0.161105 -0.182054 -0.169919 -0.182054 -0.169919 
-0.258976 -0.265787 -0.252748 -0.251225 -0.267786 -0.322868 -0.298317 -0.322868 -0.298317 -0.302819 -0.280020 -0.302819 -0.280020 -0.210469 -0.195769 -0.210469 -0.195769 -0.172322 -0.161105 -0.172322 -0.161105 -0.182054 -0.169919 -0.182054 -0.169919 
-0.258976 -0.265787 -0.252748 -0.251225 -0.267786 -0.322868 -0.298317 -0.322868 -0.298317 -0.302819 -0.280020 -0.302819 -0.280020 -0.210469 -0.195769 -0.210469 -0.195769 -0.172322 -0.161105 -0.172322 -0.161105 -0.182054 -0.169919 -0.182054 -0.169919 
-0.258976 -0.265787 -0.252748 -0.251225 -0.267786 -0.322868 -0.298317 -0.322868 -0.298317 -0.302819 -0.280020 -0.302819 -0.280020 -0.210469 -0.195769 -0.210469 -0.195769 -0.172322 -0.161105 -0.172322 -0.161105 -0.182054 -0.169919 -0.182054 -0.169919 
-0.258976 -0.265787 -0.252748 -0.251225 -0.267786 -0.322868 -0.298317 -0.322868 -0.298317 -0.302819 -0.280020 -0.302819 -0.280020 -0.210469 -0.195769 -0.210469 -0.195769 -0.172322 -0.161105 -0.172322 -0.161105 -0.182054 -0.169919 -0.182054 -0.169919 
-0.258976 -0.265787 -0.252748 -0.251225 -0.267786 -0.322868 -0.298317 -0.322868 -0.298317 -0.302819 -0.280020 -0.302819 -0.280020 -0.210469 -0.195769 -0.210469 -0.195769 -0.172322 -0.161105 -0.172322 -0.161105 -0.182054 -0.169919 -0.182054 -0.169919 
-0.258976 -0.265787 -0.252748 -0.251225 -0.267786 -0.322868 -0.298317 -0.322868 -0.298317 -0.302819 -0.280020 -0.302819 -0.280020 -0.210469 -0.195769 -0.210469 -0.195769 -0.172322 -0.161105 -0.172322 -0.161105 -0.182054 -0.169919 -0.182054 -0.169919 
-0.258976 -0.265787 -0.252748 -0.251225 -0.267786 -0.322868 -0.298317 -0.322868 -0.298317 -0.302819 -0.280020 -0.302819 -0.280020 -0.210469 -0.195769 -0.210469 -0.195769 -0.172322 -0.161105 -0.172322 -0.161105 -0.182054 -0.169919 -0.182054 -0.169919 
-0.258976 -0.265787 -0.252748 -0.251225 -0.267786 -0.322868 -0.298317 -0.322868 -0.298317 -0.302819 -0.280020 -0.302819 -0.280020 -0.210469 -0.195769 -0.210469 -0.195769 -0.172322 -0.161105 -0.172322 -0.161105 -0.182054 -0.169919 -0.182054 -0.169919 
-0.258976 -0.265787 -0.252748 -0.251225 -0.267786 -0.322868 -0.298317 -0.322868 -0.298317 -0.302819 -0.280020 -0.302819 -0.280020 -0.210469 -0.195769 -0.210469 -0.195769 -0.172322 -0.161105 -0.172322 -0.161105 -0.182054 -0.169919 -0.182054 -0.169919 
-0.258976 -0.265787 -0.252748 -0.251225 -0.267786 -0.322868 -0.298317 -0.322868 -0.298317 -0.302819 -0.280020 -0.302819 -0.280020 -0.210469 -0.195769 -0.210469 -0.195769 -0.172322 -0.161105 -0.172322 -0.161105 -0.182054 -0.169919 -0.182054 -0.169919 
-0.258976 -0.265787 -0.252748 -0.251225 -0.267786 -0.322868 -0.298317 -0.322868 -0.298317 -0.302819 -0.280020 -0.302819 -0.280020 -0.210469 -0.195769 -0.210469 -0.195769 -0.172322 -0.161105 -0.172322 -0.161105 -0.182054 -0.169919 -0.182054 -0.169919 
-0.258976 -0.265787 -0.252748 -0.251225 -0.267786 -0.322868 -0.298317 -0.322868 -0.298317 -0.302819 -0.280020 -0.302819 -0.280020 -0.210469 -0.195769 -0.210469 -0.195769 -0.172322 -0.161105 -0.172322 -0.161105 -0.182054 -0.169919 -0.182054 -0.169919 
-0.258976 -0.265787 -0.252748 -0.251225 -0.267786 -0.322868 -0.298317 -0.322868 -0.298317 -0.302819 -0.280020 -0.302819 -0.280020 -0.210469 -0.195769 -0.210469 -0.195769 -0.172322 -0.161105 -0.172322 -0.161105 -0.182054 -0.169919 -0.182054 -0.169919 
-0.258976 -0.265787 -0.252748 -0.251225 -0.267786 -0.322868 -0.298317 -0.322868 -0.298317 -0.302819 -0.280020 -0.302819 -0.280020 -0.210469 -0.195769 -0.210469 -0.195769 -0.172322 -0.161105 -0.172322 -0.161105 -0.182054 -0.169919 -0.182054 -0.169919 
-0.258976 -0.265787 -0.252748 -0.251225 -0.267786 -0.322868 -0.298317 -0.322868 -0.298317 -0.302819 -0.280020 -0.302819 -0.280020 -0.210469 -0.195769 -0.210469 -0.195769 -0.172322 -0.161105 -0.172322 -0.161105 -0.182054 -0.169919 -0.182054 -0.169919 
-0.258976 -0.265787 -0.252748 -0.251225 -0.267786 -0.322868 -0.298317 -0.322868 -0.298317 -0.302819 -0.280020 -0.302819 -0.280020 -0.210469 -0.195769 -0.210469 -0.195769 -0.172322 -0.161105 -0.172322 -0.161105 -0.182054 -0.169919 -0.182054 -0.169919 
-0.258976 -0.265787 -0.252748 -0.251225 -0.267786 -0.322868 -0.298317 -0.322868 -0.298317 -0.302819 -0.280020 -0.302819 -0.280020 -0.210469 -0.195769 -0.210469 -0.195769 -0.172322 -0.161105 -0.172322 -0.161105 -0.182054 -0.169919 -0.182054 -0.169919 
